-0.00766044
0
0.00766044
0.0153301
0.0230181
0.0307331
0.0384832
0.0462756
0.054117
0.0620126
-0.542857
-0.538095
-0.533333
-0.528571
-0.514285
-0.5
-0.494285
-0.488571
-0.482857
-0.477142
-0.471428
-0.462856
-0.454285
-0.445713
-0.437142
-0.428571
-0.424999
-0.421428
-0.417856
-0.414285
-0.410713
-0.407142
-0.40357
-0.399999
-0.393405
-0.386812
-0.380218
-0.373625
-0.367032
-0.360438
-0.353845
-0.347251
-0.340658
-0.334064
-0.327471
-0.320878
-0.314284
-0.308927
-0.30357
-0.298213
-0.292855
-0.287498
-0.282141
-0.276784
-0.271427
-0.267345
-0.263263
-0.259182
-0.2551
-0.251018
-0.246937
-0.242855
-0.237498
-0.232141
-0.226784
-0.221426
-0.216069
-0.210712
-0.205355
-0.199998
-0.19464
-0.189283
-0.183926
-0.178569
-0.173212
-0.167855
-0.162497
-0.15714
-0.153172
-0.149204
-0.145235
-0.141267
-0.137299
-0.133331
-0.129362
-0.125394
-0.121426
-0.117457
-0.113489
-0.109521
-0.105553
-0.101584
-0.0976161
-0.0936478
-0.0896795
-0.0857113
-0.0819017
-0.0780922
-0.0742826
-0.0704731
-0.0666635
-0.062854
-0.0590444
-0.0552349
-0.0514253
-0.0476158
-0.0438062
-0.0399967
-0.0361871
-0.0323776
-0.028568
-0.0228537
-0.0171394
-0.0114251
-0.00571074
3.5734e-06
0.00260099
0.00519841
0.00779583
0.0103932
0.0129907
0.0155881
0.0181855
0.0207829
0.0233803
0.0259778
0.0285752
0.0326568
0.0367385
0.0408202
0.0449018
0.0489835
0.0530651
0.0571468
0.0589325
0.0607182
0.062504
0.0642897
0.0660754
0.0678611
0.0696469
0.0714326
0.0728612
0.0742897
0.0757183
0.0771469
0.0785755
0.0800041
0.0814326
0.0828612
0.0842898
0.0857184
0.0875041
0.0892898
0.0910756
0.0928613
0.094647
0.0964327
0.0982185
0.100004
0.101433
0.102861
0.10429
0.105719
0.107147
0.108576
0.110004
0.111433
0.112861
0.11429
0.11429
0.11429
0.11429
0.11429
0.11429
0.11429
0.11429
0.11429
0.11429
0.11429
0.11429
0.11429
0.11429
0.11429
0.11429
0.11429
0.11429
0.11429
0.11429
0.11429
0.11429
0.11429
0.11429
0.11429
0.11429
0.11429
0.11429
0.11429
0.11429
0.11429
0.11429
0.11429
0.11429
0.11429
0.11429
0.11429
0.11429
0.11429
0.11429
0.11429
0.11429
0.113496
0.112703
0.111909
0.111115
0.110322
0.109528
0.108734
0.107941
0.107147
0.106353
0.10556
0.104766
0.103972
0.103179
0.102385
0.101592
0.100798
0.100004
0.100004
0.100004
0.100004
0.100004
0.100004
0.100004
0.0979633
0.0959225
0.0938817
0.0918409
0.0898
0.0877592
0.0857184
0.0844197
0.083121
0.0818223
0.0805236
0.0792249
0.0779261
0.0766274
0.0753287
0.07403
0.0727313
0.0714326
0.0693917
0.0673509
0.0653101
0.0632693
0.0612284
0.0591876
0.0571468
0.0544257
0.0517046
0.0489835
0.0462624
0.0435413
0.0408202
0.038099
0.0353779
0.0326568
0.0299357
0.0272146
0.0244935
0.0217724
0.0190513
0.0163302
0.0136091
0.010888
0.00816689
0.00544579
0.00272468
3.57512e-06
-0.00109533
-0.00219424
-0.00329315
-0.00439206
-0.00549096
-0.00658987
-0.00768878
-0.00878769
-0.0098866
-0.0109855
-0.0120844
-0.0131833
-0.0142822
-0.01648
-0.0186779
-0.0208757
-0.0230735
-0.0252713
-0.0274691
-0.0296669
-0.0318647
-0.0340626
-0.0362604
-0.0384582
-0.040656
-0.0428538
-0.0452348
-0.0476158
-0.0499967
-0.0523777
-0.0547587
-0.0571396
-0.0595206
-0.0619016
-0.0642825
-0.0666635
-0.0690445
-0.0714254
-0.0736232
-0.0758211
-0.0780189
-0.0802167
-0.0824145
-0.0846123
-0.0868101
-0.089008
-0.0912058
-0.0934036
-0.0956014
-0.0977992
-0.099997
-0.101296
-0.102594
-0.103893
-0.105192
-0.106491
-0.107789
-0.109088
-0.110387
-0.111685
-0.112984
-0.114283
-0.114904
-0.115525
-0.116146
-0.116767
-0.117388
-0.11801
-0.118631
-0.119252
-0.119873
-0.120494
-0.121115
-0.121736
-0.122357
-0.122979
-0.1236
-0.124221
-0.124842
-0.125463
-0.126084
-0.126705
-0.127326
-0.127948
-0.128569
-0.131426
-0.134283
-0.13714
-0.139997
-0.142854
-0.142854
-0.142854
-0.142854
-0.142854
-0.142854
-0.142854
-0.142854
-0.142854
-0.142854
-0.142854
-0.142854
-0.142854
-0.142854
-0.143476
-0.144097
-0.144718
-0.145339
-0.14596
-0.146581
-0.147202
-0.147823
-0.148445
-0.149066
-0.149687
-0.150308
-0.150929
-0.15155
-0.152171
-0.152792
-0.153414
-0.154035
-0.154656
-0.155277
-0.155898
-0.156519
-0.15714
-0.15714
-0.15714
-0.15714
-0.15714
-0.15714
-0.15714
-0.15714
-0.15714
-0.15714
-0.15714
-0.15714
-0.15714
-0.15714
-0.15714
-0.15714
-0.15714
-0.15714
-0.15714
-0.15714
-0.15714
-0.15714
-0.15714
-0.15714
-0.15714
-0.15714
-0.15714
-0.15714
-0.15714
-0.15714
-0.15714
-0.15714
-0.15714
-0.15714
-0.15714
-0.15714
-0.15714
-0.15714
-0.15714
-0.15714
-0.15714
-0.15714
-0.15714
-0.15714
-0.15714
-0.15714
-0.15714
-0.15714
-0.15714
-0.15714
-0.15714
-0.15714
-0.15714
-0.15714
-0.15714
-0.15714
-0.15714
-0.155355
-0.153569
-0.151783
-0.149997
-0.148212
-0.146426
-0.14464
-0.142854
-0.141069
-0.139283
-0.137497
-0.135712
-0.133926
-0.13214
-0.130354
-0.128569
-0.125712
-0.122854
-0.119997
-0.11714
-0.114283
-0.110711
-0.10714
-0.103568
-0.099997
-0.0964256
-0.0928541
-0.0892827
-0.0857112
-0.0799969
-0.0742826
-0.0685683
-0.062854
-0.0571396
-0.045711
-0.0342823
-0.0228537
-0.0114251
0.0142894
0.0357181
0.0571468
0.0619087
0.0666707
0.0714326
0.0800041
0.0885755
0.097147
0.105719
0.157147
0.166671
0.176195
0.485721
