-0.0245412
0
0.0245412
0.0490676
0.0735645
0.0980171
0.122411
0.14673
0.170962
0.19509
0.219101
0.24298
0.266713
0.290284
0.313681
0.33689
0.359895
0.382683
0.405241
0.427555
0.449611
0.471396
0.492898
0.514102
0.534997
0.55557
0.575808
0.595699
0.615231
0.634393
0.653172
0.671558
0.68954
-4.76837e-07
-4.76837e-07
-4.76837e-07
-4.76837e-07
-4.76837e-07
-4.77396e-07
0.00285664
0.00571375
0.00857086
0.011428
0.0142851
0.0238088
0.0333325
0.0428562
0.0447195
0.0465828
0.0484462
0.0503095
0.0521728
0.0540362
0.0558995
0.0577629
0.0596262
0.0614895
0.0633529
0.0652162
0.0670795
0.0689429
0.0708062
0.0726695
0.0745329
0.0763962
0.0782596
0.0801229
0.0819862
0.0838496
0.085713
0.0879107
0.0901085
0.0923063
0.0945041
0.0967019
0.0988996
0.101097
0.103295
0.105493
0.107691
0.109889
0.112086
0.114284
0.116482
0.11868
0.120877
0.123075
0.125273
0.127471
0.129669
0.131866
0.134064
0.136262
0.13846
0.140657
0.142855
0.144849
0.146842
0.148835
0.150829
0.152822
0.154815
0.156809
0.158802
0.160795
0.162789
0.164782
0.166775
0.168769
0.170762
0.172755
0.174749
0.176742
0.178735
0.180729
0.182722
0.184715
0.186709
0.188702
0.190695
0.192689
0.194682
0.196675
0.198669
0.200662
0.202655
0.204649
0.206642
0.208635
0.210629
0.212622
0.214615
0.216609
0.218602
0.220595
0.222589
0.224582
0.226575
0.228569
0.229887
0.231206
0.232525
0.233843
0.235162
0.236481
0.237799
0.239118
0.240437
0.241755
0.243074
0.244393
0.245711
0.24703
0.248349
0.249667
0.250986
0.252305
0.253623
0.254942
0.256261
0.257579
0.258898
0.260217
0.261535
0.262854
0.264173
0.265491
0.26681
0.268129
0.269447
0.270766
0.272085
0.273403
0.274722
0.276041
0.277359
0.278678
0.279997
0.281315
0.282634
0.283953
0.285271
0.28659
0.287909
0.289227
0.290546
0.291865
0.293183
0.294502
0.295821
0.297139
0.298458
0.299777
0.301095
0.302414
0.303733
0.305051
0.30637
0.307689
0.309007
0.310326
0.311645
0.312963
0.314282
0.314282
0.314282
0.314282
0.314282
0.314282
0.314282
0.314282
0.314282
0.314282
0.314282
0.314282
0.314282
0.314282
0.314282
0.314282
0.314282
0.314282
0.314282
0.314282
0.314282
0.314282
0.314282
0.314282
0.314282
0.314282
0.314282
0.314282
0.314282
0.314282
0.314282
0.314282
0.314282
0.314282
0.314282
0.314282
0.314282
0.314282
0.314282
0.314282
0.314282
0.314282
0.314282
0.314282
0.314282
0.314282
0.314282
0.314282
0.314282
0.314282
0.314282
0.314282
0.314282
0.314282
0.314282
0.314282
0.314282
0.314282
0.314282
0.314282
0.314282
0.314282
0.314282
0.314282
0.314282
0.314282
0.314282
0.314282
0.314282
0.314282
0.314282
0.314282
0.314282
0.314282
0.314282
0.314282
0.314282
0.314282
0.314282
0.314282
0.314282
0.314282
0.314282
0.314282
0.314282
0.314282
0.314282
0.314282
0.314282
0.314282
0.314282
0.314282
0.314282
0.314282
0.314282
0.314282
0.314282
0.314282
0.314282
0.314282
0.314282
0.314282
0.314282
0.314282
0.314282
0.314282
0.314282
0.314282
0.314282
0.314282
0.314282
0.314282
0.314282
0.314282
0.311425
0.308568
0.305711
0.302854
0.299996
0.297139
0.294282
0.291425
0.288568
0.285711
0.281425
0.277139
0.272854
0.268568
0.264282
0.259997
0.255711
0.251425
0.24714
0.242854
0.238886
0.234918
0.230949
0.226981
0.223013
0.219045
0.215077
0.211108
0.20714
0.203172
0.199204
0.195236
0.191267
0.187299
0.183331
0.179363
0.175395
0.171426
0.165304
0.159182
0.153059
0.146937
0.140814
0.134692
0.12857
0.122447
0.116325
0.110202
0.10408
0.0979577
0.0918353
0.0857129
0.0795905
0.0734681
0.0673458
0.0612234
0.055101
0.0489786
0.0428562
0.0285707
0.0142851
0.00654707
-0.00119095
-0.00892896
-0.016667
-0.024405
-0.032143
-0.039881
-0.047619
-0.055357
-0.0630951
-0.0708331
-0.0785711
-0.0863091
-0.0940471
-0.101785
-0.109523
-0.117261
-0.124999
-0.132737
-0.140475
-0.148213
-0.155951
-0.163689
-0.171427
-0.189794
-0.208162
-0.226529
-0.244896
-0.263263
-0.28163
-0.299997
-0.310712
-0.321426
-0.33214
-0.342854
-0.353568
-0.364282
-0.374997
-0.385711
-0.397139
-0.408568
-0.419996
-0.431425
-0.442853
-0.444639
-0.446424
-0.44821
-0.449996
-0.451781
-0.453567
-0.455353
-0.457139
-0.451016
-0.444894
-0.438771
-0.432649
-0.426527
-0.420404
-0.414282
-0.405353
-0.396425
-0.387496
-0.378568
-0.369639
-0.360711
-0.351783
-0.299997
-0.291426
-0.282855
-0.274283
-0.265712
-0.257141
-0.242855
-0.22857
-0.214284
-0.192856
-0.171427
-0.164284
-0.157142
-0.149999
-0.142856
-0.135713
-0.128571
-0.0928566
-0.0571427
-0.0482143
-0.0392858
-0.0303573
-0.0214288
-0.0125003
-0.00357187
0.00535661
0.0142851
0.0428562
0.0714273
0.0785701
0.0857129
0.0928557
0.0999985
0.107141
0.114284
0.121427
0.12857
0.138093
0.147617
0.157141
0.171426
0.185712
0.185712
0.185712
0.185712
-0.555579
-0.535006
-0.514111
-0.492907
-0.471406
-0.44962
-0.427564
-0.405251
-0.382693
-0.359905
-0.3369
-0.313692
-0.290295
-0.266723
-0.24299
-0.219111
-0.195101
-0.170972
-0.146741
-0.122421
-0.0980276
-0.0735751
-0.0490782
-0.0245518
-1.06144e-05
0.0245306
