-0.333333
-0.321667
-0.31
-0.298333
-0.286667
-0.275
-0.263333
-0.251667
-0.24
-0.228333
-0.216667
-0.2
-0.183334
-0.166667
-0.15
-0.133334
-0.116667
-0.1
-0.0909094
-0.0818185
-0.0727276
-0.0636367
-0.0545458
-0.0454549
-0.036364
-0.0272731
-0.0181822
-0.00909126
-3.57628e-07
0.00999963
0.0199996
0.0299996
0.0399996
0.0499996
0.0633329
0.0766662
0.0899996
0.103333
0.116666
0.126666
0.136666
0.146666
0.156666
0.166666
0.170833
0.174999
0.179166
0.183333
0.187499
0.191666
0.195833
0.199999
0.203333
0.206666
0.209999
0.213333
0.216666
0.216666
0.216666
0.216666
0.216666
0.216666
0.216666
0.216666
0.216666
0.216666
0.216666
0.206666
0.196666
0.186666
0.176666
0.149999
0.126666
0.103333
0.0799996
0.0566663
-3.58249e-07
-0.0277781
-0.0555559
-0.0833336
-0.0888892
-0.0944447
-0.1
-0.116667
-0.15
-0.15
-0.15
-0.15
-0.141667
-0.133334
-0.123334
-0.113334
-0.103334
-0.0933336
-0.0833336
-0.0770836
-0.0708336
-0.0645836
-0.0583336
-0.0520836
-0.0458336
-0.0395837
-0.0333337
-0.0300003
-0.026667
-0.0233337
-0.0200003
-0.016667
-0.00937535
-0.00208369
0.00520797
0.0124996
0.0197913
0.0270829
0.0343746
0.0416663
0.0489579
0.0562496
0.0635412
0.0708329
0.0781246
0.0854162
0.0927079
0.0999996
0.104761
0.109523
0.114285
0.119047
0.123809
0.128571
0.133333
0.138888
0.144444
0.149999
0.149999
0.149999
0.149999
0.149999
0.149999
0.149999
0.149999
0.149999
0.146666
0.143333
0.14
0.136666
0.133333
0.116666
0.0666662
0.0611107
0.0555551
0.0499996
0.0333329
0.0166663
0.00277742
-0.0111115
-0.0250003
-0.0388892
-0.0527781
-0.066667
-0.076667
-0.0866669
-0.0966669
-0.106667
-0.116667
-0.125
-0.133334
-0.138889
-0.144445
-0.15
-0.15
-0.15
-0.15
-0.15
-0.15
-0.15
-0.15
-0.15
-0.148334
-0.146667
-0.145
-0.143334
-0.141667
-0.14
-0.138334
-0.136667
-0.135
-0.133334
-0.127778
-0.122222
-0.116667
-0.111111
-0.105556
-0.1
-0.0944447
-0.0888892
-0.0833336
-0.0777781
-0.0722225
-0.066667
-0.0611114
-0.0555559
-0.0500003
-0.0444448
-0.0388892
-0.0333337
-0.0269234
-0.0205132
-0.0141029
-0.00769266
-0.0012824
0.00512785
0.0115381
0.0179483
0.0243586
0.0307688
0.0371791
0.0435893
0.0499996
0.0499996
0.0499996
0.0566663
0.0633329
0.0699996
0.0766662
0.0833329
0.0833329
0.0833329
0.0833329
0.0888885
0.094444
0.0999995
0.0999995
0.0999995
0.0999995
0.0999995
0.0999995
0.0833329
0.0666662
0.0611107
0.0555551
0.0333329
0.023333
0.013333
0.00333297
-0.00666702
-0.016667
-0.0233337
-0.0300003
-0.036667
-0.0433336
-0.0500003
-0.0500003
-0.0500003
-0.0500003
-0.0500003
-0.0500003
-0.0500003
-0.0500003
-0.0500003
-0.0500003
-0.0500003
-0.0472225
-0.0444448
-0.041667
-0.0388892
-0.0361114
-0.0333337
-0.0305559
-0.0277781
-0.0250003
-0.0222226
-0.0194448
-0.016667
-0.0138892
-0.0111115
-0.00833368
-0.00555591
-0.00277813
-3.57628e-07
0.00208297
0.00416631
0.00624964
0.00833297
0.0104163
0.0124996
0.014583
0.0166663
0.0205124
0.0243586
0.0282047
0.0320509
0.035897
0.0397432
0.0435893
0.0474355
0.0512816
0.0551278
0.0589739
0.0628201
0.0666662
0.0699996
0.0733329
0.0766662
0.0799996
0.0833329
0.0866662
0.0899996
0.0933329
0.0966662
0.0999995
0.103333
0.106666
0.11
0.113333
0.116666
0.122222
0.127777
0.133333
0.133333
0.133333
0.133333
0.133333
0.133333
0.133333
0.133333
0.133333
0.133333
0.133333
0.133333
0.133333
0.133333
0.133333
0.133333
0.133333
0.133333
0.133333
0.133333
0.133333
0.133333
0.133333
0.133333
0.133333
0.133333
0.133333
0.133333
0.133333
0.133333
0.133333
0.133333
0.133333
0.133333
0.133333
0.133333
0.133333
0.133333
0.133333
0.133333
0.133333
0.133333
0.133333
0.133333
0.133333
0.133333
0.133333
0.133333
0.133333
0.133333
0.133333
0.133333
0.138888
0.144444
0.149999
0.152083
0.154166
0.156249
0.158333
0.160416
0.162499
0.164583
0.166666
0.174999
0.183333
0.187179
0.191025
0.194871
0.198717
0.202564
0.20641
0.210256
0.214102
0.217948
0.221794
0.22564
0.229487
0.233333
0.235897
0.238461
0.241025
0.243589
0.246153
0.248717
0.251281
0.253846
0.25641
0.258974
0.261538
0.264102
0.266666
0.266666
0.266666
0.266666
0.266666
0.266666
0.267948
0.26923
0.270512
0.271794
0.273076
0.274358
0.27564
0.276923
0.278205
0.279487
0.280769
0.282051
0.283333
0.284615
0.285897
0.287179
0.288461
0.289743
0.291025
0.292307
0.293589
0.294871
0.296153
0.297435
0.298717
0.299999
0.299999
0.299999
0.299999
0.299999
0.299999
0.299999
0.299999
0.299999
0.299999
0.299999
0.299999
0.299999
0.299999
0.299999
0.299999
0.299999
0.299999
0.299999
0.299999
0.299999
0.299999
0.299999
0.299999
0.299999
0.299999
0.299999
0.299999
0.299999
0.299999
0.299999
0.299999
0.299999
0.299999
0.299999
0.299999
0.299999
0.299999
0.299999
0.299999
0.299999
0.299999
0.299999
0.299999
0.302083
0.304166
0.306249
0.308333
0.310416
0.312499
0.314583
0.316666
0.318333
0.319999
0.321666
0.323333
0.324999
0.326666
0.328333
0.329999
0.331666
0.333333
0.333333
0.333333
0.333333
0.333333
0.333333
0.333333
0.333333
0.333333
0.338888
0.344444
0.349999
0.355555
0.36111
0.483333
